9.940000176429748535e-01
9.860000014305114746e-01
9.850000143051147461e-01
9.869999885559082031e-01
9.900000095367431641e-01
9.879999756813049316e-01
9.940000176429748535e-01
9.860000014305114746e-01
9.860000014305114746e-01
9.940000176429748535e-01
9.800000190734863281e-01
9.760000109672546387e-01
9.850000143051147461e-01
9.819999933242797852e-01
9.789999723434448242e-01
9.840000271797180176e-01
9.750000238418579102e-01
9.800000190734863281e-01
9.810000061988830566e-01
9.800000190734863281e-01
9.860000014305114746e-01
9.890000224113464355e-01
9.869999885559082031e-01
9.919999837875366211e-01
9.869999885559082031e-01
9.840000271797180176e-01
9.900000095367431641e-01
9.929999709129333496e-01
9.919999837875366211e-01
9.840000271797180176e-01
9.909999966621398926e-01
9.890000224113464355e-01
9.850000143051147461e-01
9.929999709129333496e-01
9.950000047683715820e-01
9.909999966621398926e-01
9.840000271797180176e-01
9.890000224113464355e-01
9.879999756813049316e-01
9.819999933242797852e-01
9.940000176429748535e-01
9.819999933242797852e-01
9.869999885559082031e-01
9.890000224113464355e-01
9.919999837875366211e-01
9.850000143051147461e-01
9.929999709129333496e-01
9.900000095367431641e-01
9.860000014305114746e-01
9.929999709129333496e-01
9.869999885559082031e-01
9.860000014305114746e-01
9.800000190734863281e-01
9.850000143051147461e-01
9.800000190734863281e-01
9.800000190734863281e-01
9.689999818801879883e-01
9.750000238418579102e-01
9.860000014305114746e-01
9.850000143051147461e-01
9.909999966621398926e-01
9.900000095367431641e-01
9.900000095367431641e-01
9.959999918937683105e-01
9.900000095367431641e-01
9.840000271797180176e-01
9.900000095367431641e-01
9.879999756813049316e-01
9.789999723434448242e-01
9.900000095367431641e-01
9.950000047683715820e-01
9.819999933242797852e-01
9.869999885559082031e-01
9.879999756813049316e-01
9.909999966621398926e-01
9.829999804496765137e-01
9.869999885559082031e-01
9.840000271797180176e-01
9.890000224113464355e-01
9.909999966621398926e-01
9.950000047683715820e-01
9.829999804496765137e-01
9.860000014305114746e-01
9.900000095367431641e-01
9.890000224113464355e-01
9.840000271797180176e-01
9.950000047683715820e-01
9.840000271797180176e-01
9.829999804496765137e-01
9.929999709129333496e-01
9.760000109672546387e-01
9.689999818801879883e-01
9.860000014305114746e-01
9.810000061988830566e-01
9.810000061988830566e-01
9.829999804496765137e-01
9.810000061988830566e-01
9.789999723434448242e-01
9.789999723434448242e-01
9.750000238418579102e-01
9.819999933242797852e-01
9.869999885559082031e-01
9.869999885559082031e-01
9.879999756813049316e-01
9.919999837875366211e-01
9.860000014305114746e-01
9.909999966621398926e-01
9.900000095367431641e-01
9.890000224113464355e-01
9.879999756813049316e-01
9.890000224113464355e-01
9.919999837875366211e-01
9.900000095367431641e-01
9.879999756813049316e-01
9.919999837875366211e-01
9.879999756813049316e-01
9.810000061988830566e-01
9.900000095367431641e-01
9.869999885559082031e-01
9.860000014305114746e-01
9.919999837875366211e-01
9.869999885559082031e-01
9.840000271797180176e-01
9.890000224113464355e-01
9.869999885559082031e-01
9.850000143051147461e-01
9.959999918937683105e-01
9.800000190734863281e-01
9.860000014305114746e-01
9.900000095367431641e-01
9.819999933242797852e-01
9.829999804496765137e-01
9.919999837875366211e-01
9.850000143051147461e-01
9.829999804496765137e-01
9.779999852180480957e-01
9.819999933242797852e-01
9.829999804496765137e-01
9.800000190734863281e-01
9.779999852180480957e-01
9.919999837875366211e-01
9.900000095367431641e-01
9.890000224113464355e-01
9.950000047683715820e-01
9.909999966621398926e-01
9.860000014305114746e-01
9.879999756813049316e-01
9.869999885559082031e-01
9.869999885559082031e-01
9.900000095367431641e-01
9.900000095367431641e-01
9.879999756813049316e-01
9.850000143051147461e-01
9.840000271797180176e-01
9.879999756813049316e-01
9.869999885559082031e-01
9.869999885559082031e-01
9.879999756813049316e-01
9.879999756813049316e-01
9.879999756813049316e-01
